music_neu_3
1 0:5 1:55 2:40
1 0:0 1:57 2:42
1 0:0 1:35 2:64
1 0:0 1:42 2:57
0 0:0 1:100 2:0
0 0:11 1:76 2:11
-1 0:50 1:50 2:0
-1 0:71 1:28 2:0
0 0:12 1:87 2:0
0 0:12 1:75 2:12

music_pos_76
0 0:0 1:100 2:0
0 0:0 1:85 2:14
1 0:0 1:88 2:11
0 0:0 1:100 2:0
0 0:18 1:72 2:9
1 0:80 1:0 2:20

books_neg_104
0 0:0 1:100 2:0
0 0:0 1:80 2:20
-1 0:40 1:50 2:10
0 0:2 1:91 2:5
-1 0:36 1:52 2:12
-1 0:100 1:0 2:0
-1 0:50 1:37 2:12
0 0:0 1:100 2:0
-1 0:50 1:50 2:0
-1 0:42 1:57 2:0
-1 0:28 1:71 2:0
0 0:0 1:83 2:16
0 0:33 1:66 2:0
0 0:4 1:91 2:4
0 0:3 1:96 2:0
0 0:0 1:100 2:0
0 0:0 1:100 2:0
0 0:0 1:100 2:0
0 0:0 1:96 2:4
0 0:0 1:100 2:0

videogames_neu_29
1 0:0 1:83 2:16
1 0:20 1:40 2:40
-1 0:14 1:85 2:0
-1 0:12 1:87 2:0
-1 0:62 1:37 2:0
-1 0:40 1:60 2:0
-1 0:66 1:33 2:0
0 0:11 1:77 2:11
0 0:13 1:80 2:6
-1 0:26 1:66 2:6
0 0:25 1:58 2:16
0 0:12 1:87 2:0
0 0:33 1:66 2:0
-1 0:42 1:42 2:14
0 0:15 1:76 2:7
-1 0:55 1:33 2:11
-1 0:35 1:56 2:7
-1 0:36 1:63 2:0
-1 0:18 1:81 2:0
-1 0:33 1:66 2:0
-1 0:50 1:50 2:0
1 0:0 1:80 2:20
0 0:20 1:80 2:0
1 0:14 1:14 2:71
0 0:28 1:71 2:0
0 0:16 1:77 2:5
0 0:13 1:68 2:18
-1 0:33 1:66 2:0

videogames_pos_22
1 0:10 1:80 2:10
1 0:0 1:37 2:62
1 0:4 1:66 2:28
1 0:16 1:38 2:44
0 0:0 1:72 2:27
-1 0:62 1:25 2:12

music_neu_15
0 0:11 1:88 2:0
1 0:10 1:52 2:36
0 0:25 1:62 2:12
-1 0:42 1:57 2:0
0 0:16 1:83 2:0
0 0:0 1:100 2:0
0 0:28 1:57 2:14

dvds_neu_5
0 0:2 1:95 2:1
0 0:25 1:66 2:8
0 0:6 1:88 2:4
-1 0:33 1:50 2:16
0 0:4 1:85 2:9
0 0:18 1:75 2:6
0 0:12 1:81 2:6
0 0:7 1:85 2:7
0 0:0 1:100 2:0

books_neg_96
0 0:28 1:71 2:0
-1 0:50 1:50 2:0
-1 0:36 1:63 2:0
-1 0:55 1:44 2:0
-1 0:0 1:60 2:40
0 0:28 1:71 2:0
-1 0:28 1:71 2:0
-1 0:33 1:61 2:5
-1 0:33 1:66 2:0
-1 0:46 1:46 2:7
-1 0:33 1:66 2:0
-1 0:35 1:57 2:7
-1 0:55 1:37 2:6
-1 0:47 1:52 2:0
0 0:7 1:92 2:0
0 0:4 1:90 2:4
0 0:0 1:100 2:0
0 0:16 1:83 2:0
-1 0:33 1:33 2:33

music_neg_10
-1 0:20 1:80 2:0
0 0:20 1:80 2:0
-1 0:33 1:66 2:0
-1 0:33 1:66 2:0
-1 0:61 1:38 2:0
-1 0:42 1:42 2:14

dvds_neu_69
0 0:9 1:76 2:14
0 0:18 1:81 2:0
1 0:4 1:42 2:53
1 0:11 1:66 2:22
1 0:25 1:50 2:25
1 0:11 1:77 2:11
0 0:10 1:78 2:10
0 0:6 1:89 2:3
0 0:0 1:100 2:0
1 0:20 1:66 2:13
-1 0:58 1:41 2:0
1 0:0 1:80 2:20
1 0:1 1:56 2:42
1 0:10 1:60 2:30
0 0:25 1:75 2:0
0 0:50 1:50 2:0
1 0:30 1:60 2:10
0 0:33 1:66 2:0
1 0:0 1:66 2:33
1 0:8 1:41 2:50

books_neu_27
0 0:0 1:100 2:0
-1 0:43 1:53 2:3
0 0:20 1:40 2:40
0 0:0 1:90 2:9
-1 0:9 1:81 2:9
0 0:0 1:85 2:14

music_pos_18
1 0:18 1:45 2:36
1 0:7 1:85 2:7
0 0:0 1:85 2:14
1 0:12 1:50 2:37
1 0:22 1:66 2:11
1 0:0 1:71 2:28
1 0:11 1:44 2:44
1 0:0 1:50 2:50
1 0:11 1:55 2:33
1 0:0 1:71 2:28
1 0:17 1:47 2:35

electronics_neu_22
0 0:0 1:100 2:0
0 0:0 1:85 2:14
1 0:33 1:0 2:66
1 0:16 1:55 2:27
1 0:18 1:45 2:36
1 0:7 1:64 2:28
-1 0:41 1:52 2:5
-1 0:45 1:54 2:0
0 0:20 1:80 2:0
0 0:33 1:66 2:0
0 0:0 1:100 2:0

videogames_pos_4
-1 0:27 1:72 2:0
-1 0:46 1:46 2:7
0 0:25 1:75 2:0
1 0:33 1:66 2:0
1 0:33 1:53 2:13
0 0:0 1:100 2:0
0 0:23 1:53 2:23
0 0:25 1:66 2:8
0 0:0 1:88 2:11
-1 0:30 1:60 2:10
0 0:33 1:66 2:0
0 0:12 1:87 2:0
0 0:29 1:64 2:5
-1 0:40 1:50 2:10
-1 0:40 1:60 2:0
-1 0:41 1:52 2:5
-1 0:15 1:84 2:0
-1 0:28 1:57 2:14
-1 0:42 1:57 2:0
-1 0:36 1:63 2:0
0 0:14 1:71 2:14
-1 0:25 1:75 2:0
1 0:33 1:50 2:16
1 0:25 1:62 2:12
1 0:40 1:30 2:30
1 0:6 1:61 2:32
1 0:12 1:50 2:37
1 0:23 1:61 2:14
-1 0:33 1:50 2:16
1 0:11 1:72 2:16
1 0:33 1:44 2:22
1 0:30 1:50 2:20
1 0:25 1:25 2:50
1 0:20 1:60 2:20
-1 0:27 1:54 2:18
1 0:25 1:58 2:16
1 0:28 1:14 2:57
-1 0:33 1:41 2:25
-1 0:40 1:60 2:0
-1 0:8 1:84 2:8
1 0:28 1:57 2:14
-1 0:60 1:40 2:0
-1 0:21 1:64 2:14
-1 0:72 1:27 2:0
-1 0:25 1:66 2:7
0 0:0 1:94 2:5
0 0:23 1:76 2:0
0 0:30 1:70 2:0
0 0:7 1:85 2:7
0 0:33 1:66 2:0
0 0:0 1:100 2:0
0 0:40 1:40 2:20
0 0:0 1:100 2:0
0 0:16 1:84 2:0
0 0:0 1:100 2:0
-1 0:30 1:60 2:10
0 0:7 1:92 2:0
0 0:8 1:75 2:16
-1 0:50 1:25 2:25
0 0:60 1:40 2:0
-1 0:54 1:45 2:0
-1 0:33 1:33 2:33
1 0:16 1:66 2:16
0 0:0 1:100 2:0
0 0:15 1:69 2:15

electronics_pos_50
0 0:0 1:100 2:0
1 0:33 1:33 2:33
0 0:0 1:85 2:14
1 0:14 1:57 2:28
0 0:14 1:71 2:14
1 0:20 1:10 2:70
0 0:0 1:88 2:11
1 0:25 1:75 2:0

books_neg_51
-1 0:12 1:87 2:0
-1 0:35 1:50 2:14
0 0:9 1:72 2:18
-1 0:33 1:66 2:0
-1 0:37 1:62 2:0
0 0:10 1:90 2:0
0 0:0 1:100 2:0
-1 0:25 1:58 2:16
0 0:0 1:100 2:0
0 0:0 1:100 2:0
0 0:22 1:77 2:0
0 0:8 1:86 2:5
-1 0:62 1:37 2:0
-1 0:25 1:75 2:0
-1 0:83 1:16 2:0
-1 0:66 1:33 2:0
-1 0:37 1:50 2:12
-1 0:37 1:62 2:0
-1 0:50 1:50 2:0
-1 0:50 1:50 2:0
0 0:50 1:50 2:0
0 0:7 1:92 2:0
-1 0:31 1:63 2:5
-1 0:100 1:0 2:0

dvds_neu_35
0 0:20 1:80 2:0
0 0:0 1:100 2:0
-1 0:25 1:75 2:0
-1 0:44 1:55 2:0
-1 0:11 1:88 2:0
-1 0:44 1:55 2:0
-1 0:33 1:66 2:0

videogames_neg_1
0 0:0 1:75 2:25
-1 0:20 1:80 2:0
-1 0:40 1:40 2:20
-1 0:20 1:70 2:10
-1 0:52 1:47 2:0
-1 0:50 1:33 2:16
0 0:27 1:63 2:9

dvds_neg_8
0 0:66 1:33 2:0
0 0:0 1:100 2:0
-1 0:59 1:34 2:6
-1 0:53 1:46 2:0
-1 0:100 1:0 2:0
-1 0:30 1:53 2:15

videogames_pos_7
1 0:40 1:50 2:10
0 0:8 1:91 2:0
0 0:0 1:100 2:0
1 0:18 1:36 2:45
0 0:10 1:85 2:5
-1 0:50 1:43 2:6
1 0:40 1:40 2:20

music_neg_11
0 0:0 1:100 2:0
-1 0:22 1:77 2:0
-1 0:32 1:60 2:8
-1 0:53 1:46 2:0
-1 0:60 1:30 2:10
-1 0:75 1:25 2:0

dvds_neg_14
-1 0:33 1:50 2:16
-1 0:36 1:59 2:4
0 0:12 1:75 2:12
-1 0:33 1:66 2:0
-1 0:50 1:50 2:0
-1 0:31 1:68 2:0
0 0:6 1:87 2:6
-1 0:41 1:58 2:0
-1 0:16 1:83 2:0

dvds_pos_23
0 0:0 1:100 2:0
0 0:2 1:90 2:6
0 0:4 1:91 2:4
0 0:8 1:91 2:0
0 0:5 1:84 2:10
0 0:5 1:94 2:0
0 0:8 1:91 2:0
1 0:1 1:50 2:48
1 0:8 1:43 2:47
1 0:3 1:37 2:58
0 0:10 1:80 2:10
1 0:0 1:100 2:0

books_neg_142
-1 0:16 1:83 2:0
0 0:0 1:75 2:25
0 0:14 1:85 2:0
-1 0:28 1:71 2:0
0 0:12 1:87 2:0
0 0:28 1:57 2:14
-1 0:15 1:69 2:15
-1 0:0 1:66 2:33
-1 0:33 1:66 2:0
-1 0:0 1:100 2:0
-1 0:40 1:60 2:0
-1 0:36 1:54 2:9
0 0:0 1:100 2:0
0 0:0 1:100 2:0
0 0:18 1:72 2:9

dvds_neu_75
0 0:0 1:100 2:0
0 0:0 1:85 2:14
0 0:5 1:89 2:5
-1 0:50 1:35 2:14
-1 0:52 1:42 2:4
0 0:21 1:64 2:14
-1 0:60 1:40 2:0
-1 0:40 1:60 2:0
-1 0:50 1:50 2:0
0 0:3 1:93 2:3
0 0:9 1:72 2:18

dvds_neu_51
0 0:9 1:81 2:9
-1 0:20 1:70 2:10
-1 0:40 1:60 2:0
0 0:14 1:71 2:14
0 0:18 1:72 2:9
-1 0:27 1:63 2:9
-1 0:42 1:57 2:0
0 0:16 1:83 2:0
0 0:20 1:80 2:0

videogames_neu_4
-1 0:22 1:66 2:11
-1 0:55 1:39 2:4
0 0:0 1:100 2:0
0 0:18 1:81 2:0
0 0:20 1:73 2:6
0 0:9 1:81 2:9
-1 0:58 1:23 2:17
-1 0:16 1:66 2:16
-1 0:52 1:47 2:0
-1 0:42 1:57 2:0
0 0:21 1:68 2:10
0 0:11 1:66 2:22
-1 0:10 1:60 2:30
-1 0:72 1:27 2:0
0 0:13 1:77 2:9
1 0:10 1:50 2:40
0 0:33 1:66 2:0
-1 0:66 1:33 2:0
-1 0:38 1:53 2:7
-1 0:38 1:61 2:0

dvds_pos_9
1 0:6 1:44 2:48
1 0:0 1:54 2:45
0 0:0 1:88 2:11
0 0:7 1:85 2:7
0 0:4 1:95 2:0
0 0:4 1:88 2:8
0 0:1 1:84 2:13
1 0:0 1:33 2:66
1 0:6 1:40 2:53
0 0:2 1:88 2:8
1 0:0 1:60 2:40

dvds_neg_20
-1 0:44 1:55 2:0
0 0:0 1:100 2:0
0 0:0 1:100 2:0
-1 0:66 1:33 2:0
1 0:0 1:55 2:44
-1 0:66 1:33 2:0
-1 0:25 1:75 2:0
-1 0:66 1:33 2:0

music_neg_117
0 0:7 1:71 2:21
0 0:23 1:76 2:0
0 0:18 1:63 2:18
-1 0:33 1:66 2:0
-1 0:30 1:60 2:8
-1 0:22 1:77 2:0
-1 0:33 1:66 2:0
-1 0:35 1:57 2:7
-1 0:18 1:81 2:0
-1 0:45 1:45 2:9
-1 0:13 1:86 2:0
0 0:8 1:91 2:0
0 0:0 1:100 2:0
0 0:14 1:85 2:0
0 0:6 1:87 2:6
-1 0:42 1:42 2:14
-1 0:12 1:87 2:0
-1 0:44 1:55 2:0
0 0:20 1:70 2:10
0 0:22 1:77 2:0
-1 0:55 1:44 2:0

electronics_neu_0
0 0:23 1:76 2:0
-1 0:0 1:66 2:33
-1 0:40 1:20 2:40
-1 0:33 1:50 2:16
-1 0:42 1:57 2:0
-1 0:46 1:46 2:7
-1 0:14 1:71 2:14

electronics_pos_64
1 0:30 1:70 2:0
0 0:11 1:76 2:11
1 0:10 1:55 2:35
1 0:1 1:58 2:39
1 0:15 1:75 2:10
1 0:19 1:35 2:45
1 0:0 1:33 2:66
0 0:22 1:66 2:11
0 0:0 1:100 2:0
1 0:16 1:66 2:16
1 0:7 1:30 2:61
0 0:0 1:88 2:11
0 0:7 1:89 2:3
0 0:9 1:81 2:9
1 0:0 1:81 2:18

videogames_neg_46
-1 0:42 1:57 2:0
-1 0:60 1:40 2:0
-1 0:42 1:35 2:21
-1 0:33 1:66 2:0
-1 0:36 1:63 2:0
-1 0:20 1:80 2:0
-1 0:25 1:75 2:0
-1 0:44 1:33 2:22
-1 0:16 1:83 2:0
-1 0:47 1:47 2:5
-1 0:51 1:41 2:6
-1 0:46 1:46 2:6
-1 0:50 1:37 2:12
-1 0:38 1:61 2:0
-1 0:45 1:45 2:10
-1 0:50 1:50 2:0

videogames_pos_14
1 0:20 1:60 2:20
0 0:14 1:71 2:14
0 0:0 1:77 2:22
0 0:0 1:100 2:0
0 0:0 1:85 2:14
1 0:6 1:50 2:43
1 0:0 1:71 2:28
1 0:0 1:50 2:50
1 0:10 1:40 2:50
1 0:14 1:50 2:35
1 0:0 1:40 2:59
0 0:0 1:100 2:0

books_neu_20
0 0:0 1:100 2:0
0 0:7 1:92 2:0
0 0:20 1:80 2:0
0 0:11 1:66 2:22
0 0:7 1:85 2:7
0 0:0 1:100 2:0
0 0:9 1:90 2:0
0 0:0 1:100 2:0
0 0:0 1:94 2:5
0 0:0 1:100 2:0
0 0:4 1:87 2:8
0 0:3 1:96 2:0
0 0:12 1:83 2:4
0 0:3 1:96 2:0
0 0:4 1:90 2:4
0 0:0 1:100 2:0
0 0:11 1:77 2:11
0 0:33 1:50 2:16
0 0:0 1:100 2:0
0 0:0 1:92 2:7
0 0:12 1:62 2:25
0 0:22 1:77 2:0
0 0:0 1:100 2:0
0 0:0 1:100 2:0
0 0:20 1:80 2:0
0 0:0 1:80 2:20
0 0:4 1:91 2:4
-1 0:46 1:53 2:0
-1 0:36 1:63 2:0
-1 0:50 1:50 2:0
1 0:12 1:62 2:25
-1 0:38 1:55 2:5
0 0:0 1:100 2:0

dvds_neg_6
-1 0:62 1:34 2:3
-1 0:37 1:58 2:3
-1 0:42 1:42 2:14
-1 0:41 1:50 2:8
-1 0:42 1:52 2:5
-1 0:100 1:0 2:0

books_neg_102
0 0:10 1:80 2:10
0 0:0 1:100 2:0
0 0:0 1:100 2:0
0 0:13 1:86 2:0
-1 0:45 1:45 2:9
0 0:25 1:75 2:0
0 0:16 1:83 2:0
-1 0:16 1:75 2:8
0 0:0 1:100 2:0
0 0:0 1:100 2:0
-1 0:50 1:50 2:0
0 0:20 1:80 2:0
0 0:0 1:100 2:0
0 0:0 1:100 2:0
-1 0:0 1:80 2:20

books_neg_29
0 0:5 1:84 2:10
0 0:7 1:92 2:0
0 0:18 1:72 2:9
-1 0:0 1:94 2:5
0 0:5 1:94 2:0
-1 0:0 1:100 2:0
0 0:12 1:87 2:0
0 0:6 1:93 2:0
0 0:12 1:75 2:12
0 0:2 1:86 2:11
0 0:0 1:100 2:0
-1 0:40 1:53 2:6
0 0:15 1:76 2:7
-1 0:30 1:69 2:0
-1 0:70 1:20 2:10
1 0:0 1:71 2:28
1 0:0 1:83 2:16
-1 0:0 1:100 2:0

music_neu_129
0 0:0 1:100 2:0
0 0:0 1:100 2:0
0 0:0 1:100 2:0
0 0:0 1:92 2:7
0 0:0 1:87 2:12
0 0:0 1:100 2:0
0 0:25 1:75 2:0
0 0:0 1:100 2:0
0 0:66 1:33 2:0
0 0:7 1:84 2:7
0 0:0 1:100 2:0
0 0:14 1:85 2:0
0 0:12 1:87 2:0
0 0:0 1:100 2:0
-1 0:12 1:87 2:0
-1 0:41 1:50 2:8
-1 0:37 1:62 2:0
0 0:9 1:76 2:14
0 0:0 1:100 2:0
0 0:5 1:94 2:0
0 0:10 1:80 2:10
0 0:14 1:71 2:14
-1 0:0 1:100 2:0
0 0:50 1:50 2:0
0 0:0 1:100 2:0
0 0:14 1:85 2:0
0 0:20 1:80 2:0
0 0:10 1:89 2:0
0 0:0 1:92 2:7
0 0:22 1:66 2:11

videogames_neu_8
-1 0:57 1:40 2:2
0 0:12 1:87 2:0
1 0:16 1:50 2:33
0 0:50 1:25 2:25
-1 0:50 1:50 2:0
-1 0:66 1:33 2:0
-1 0:44 1:44 2:11
-1 0:16 1:83 2:0
0 0:14 1:85 2:0
0 0:8 1:91 2:0
-1 0:20 1:80 2:0
0 0:15 1:78 2:5

videogames_neu_14
1 0:22 1:66 2:11
0 0:6 1:84 2:9
0 0:0 1:100 2:0
0 0:10 1:90 2:0
0 0:0 1:81 2:18
0 0:33 1:66 2:0
0 0:5 1:88 2:5
0 0:23 1:69 2:7
0 0:0 1:85 2:14
-1 0:57 1:14 2:28
-1 0:35 1:64 2:0
-1 0:25 1:62 2:12
0 0:14 1:85 2:0
0 0:0 1:100 2:0
0 0:12 1:75 2:12
0 0:8 1:83 2:8
1 0:30 1:38 2:30
-1 0:18 1:81 2:0
-1 0:55 1:44 2:0
0 0:25 1:68 2:6
0 0:15 1:84 2:0

books_neu_40
1 0:13 1:58 2:27
0 0:18 1:81 2:0
0 0:0 1:100 2:0
0 0:0 1:100 2:0
1 0:0 1:40 2:60
0 0:16 1:83 2:0
0 0:14 1:78 2:7
0 0:0 1:84 2:15
0 0:11 1:77 2:11
0 0:9 1:81 2:9
0 0:0 1:100 2:0
0 0:0 1:100 2:0

books_neg_23
0 0:12 1:87 2:0
-1 0:75 1:25 2:0
-1 0:25 1:62 2:12
-1 0:50 1:50 2:0
-1 0:50 1:50 2:0
-1 0:75 1:25 2:0
-1 0:33 1:16 2:50
-1 0:57 1:42 2:0
-1 0:66 1:33 2:0

electronics_neu_45
-1 0:41 1:54 2:4
-1 0:60 1:40 2:0
0 0:20 1:80 2:0
0 0:16 1:83 2:0
-1 0:46 1:53 2:0
0 0:11 1:77 2:11
0 0:20 1:60 2:20

videogames_pos_42
1 0:25 1:50 2:25
0 0:14 1:85 2:0
0 0:13 1:80 2:6
0 0:11 1:88 2:0
0 0:10 1:90 2:0
0 0:0 1:94 2:5
1 0:10 1:70 2:20
1 0:8 1:50 2:41
1 0:8 1:66 2:25
1 0:25 1:50 2:25
1 0:12 1:50 2:37
1 0:23 1:46 2:30
1 0:33 1:33 2:33
0 0:50 1:50 2:0
0 0:28 1:71 2:0
0 0:0 1:100 2:0
1 0:14 1:42 2:42

videogames_neg_21
-1 0:31 1:62 2:6
-1 0:42 1:42 2:14
0 0:11 1:88 2:0
-1 0:14 1:64 2:21
-1 0:42 1:42 2:14
0 0:15 1:76 2:7
-1 0:50 1:50 2:0

music_pos_21
0 0:0 1:88 2:11
0 0:16 1:83 2:0
1 0:16 1:66 2:16
1 0:14 1:42 2:42
1 0:25 1:25 2:50
1 0:12 1:50 2:37
1 0:50 1:50 2:0
1 0:20 1:70 2:10

music_neg_113
-1 0:0 1:100 2:0
-1 0:36 1:63 2:0
0 0:16 1:83 2:0
-1 0:30 1:60 2:10
1 0:25 1:37 2:37
-1 0:27 1:72 2:0
0 0:0 1:100 2:0

dvds_pos_62
1 0:1 1:50 2:48
0 0:0 1:100 2:0
0 0:7 1:71 2:21
1 0:5 1:43 2:51
0 0:0 1:91 2:8
0 0:6 1:86 2:6
1 0:20 1:47 2:32
0 0:8 1:89 2:2
0 0:15 1:80 2:5

music_neu_11
1 0:0 1:100 2:0
1 0:50 1:50 2:0
1 0:0 1:83 2:16
-1 0:21 1:78 2:0
0 0:19 1:76 2:3
0 0:12 1:87 2:0
0 0:16 1:83 2:0
-1 0:21 1:78 2:0
1 0:7 1:85 2:7
-1 0:46 1:53 2:0
0 0:0 1:100 2:0

dvds_neg_38
-1 0:50 1:37 2:12
0 0:0 1:100 2:0
0 0:0 1:87 2:12
0 0:25 1:66 2:8
-1 0:41 1:50 2:8
-1 0:40 1:60 2:0
0 0:25 1:75 2:0
0 0:21 1:78 2:0
0 0:10 1:90 2:0

videogames_neg_29
0 0:3 1:93 2:3
0 0:14 1:85 2:0
0 0:15 1:75 2:9
0 0:7 1:89 2:2
0 0:0 1:93 2:6
0 0:0 1:86 2:13
0 0:0 1:100 2:0
0 0:8 1:91 2:0

books_neu_97
0 0:0 1:96 2:3
1 0:14 1:42 2:42
0 0:0 1:90 2:9
1 0:15 1:53 2:30
-1 0:37 1:50 2:12
-1 0:57 1:42 2:0
-1 0:27 1:63 2:9
-1 0:60 1:40 2:0
0 0:0 1:100 2:0
0 0:0 1:100 2:0
-1 0:33 1:66 2:0

music_neg_97
-1 0:38 1:61 2:0
-1 0:65 1:35 2:0
-1 0:20 1:80 2:0
-1 0:46 1:48 2:4
-1 0:22 1:77 2:0
0 0:4 1:83 2:12
0 0:0 1:100 2:0
0 0:5 1:88 2:5
-1 0:37 1:62 2:0

electronics_neg_14
0 0:0 1:100 2:0
1 0:26 1:40 2:33
-1 0:53 1:40 2:6
-1 0:36 1:54 2:9
-1 0:60 1:40 2:0
-1 0:64 1:35 2:0
-1 0:25 1:62 2:12
-1 0:11 1:88 2:0

music_neg_69
0 0:9 1:81 2:9
-1 0:44 1:51 2:3
-1 0:66 1:33 2:0
-1 0:37 1:50 2:12
-1 0:0 1:100 2:0
-1 0:75 1:25 2:0

dvds_pos_26
1 0:3 1:50 2:46
1 0:0 1:50 2:50
0 0:0 1:60 2:40
1 0:0 1:45 2:54
1 0:16 1:50 2:33
1 0:40 1:60 2:0
1 0:16 1:50 2:33
1 0:33 1:0 2:66

music_neg_80
-1 0:44 1:55 2:0
-1 0:23 1:76 2:0
0 0:4 1:84 2:12
0 0:10 1:84 2:5
-1 0:36 1:63 2:0
0 0:13 1:81 2:4
-1 0:40 1:55 2:5
-1 0:43 1:50 2:6
-1 0:33 1:60 2:6
-1 0:45 1:54 2:0
-1 0:34 1:65 2:0
0 0:15 1:84 2:0
-1 0:40 1:60 2:0
-1 0:31 1:59 2:9
-1 0:29 1:64 2:5
0 0:16 1:83 2:0

books_pos_120
1 0:10 1:40 2:50
1 0:18 1:43 2:37
1 0:0 1:46 2:53
0 0:0 1:100 2:0
0 0:33 1:66 2:0
0 0:0 1:100 2:0
0 0:0 1:100 2:0
0 0:0 1:91 2:8
1 0:9 1:54 2:36
1 0:0 1:47 2:52
1 0:15 1:50 2:35
1 0:0 1:71 2:28
1 0:0 1:83 2:16
1 0:25 1:50 2:25
1 0:0 1:100 2:0
1 0:0 1:100 2:0
1 0:0 1:100 2:0

dvds_neg_42
0 0:16 1:72 2:12
-1 0:40 1:50 2:10
0 0:9 1:90 2:0
-1 0:36 1:63 2:0
-1 0:50 1:50 2:0
-1 0:14 1:71 2:14
-1 0:25 1:58 2:16
-1 0:20 1:80 2:0
0 0:0 1:100 2:0

dvds_neg_34
-1 0:25 1:75 2:0
-1 0:25 1:75 2:0
0 0:2 1:94 2:2
-1 0:33 1:66 2:0
-1 0:25 1:75 2:0
0 0:0 1:85 2:14
-1 0:50 1:25 2:25
-1 0:57 1:42 2:0
-1 0:25 1:75 2:0
-1 0:66 1:33 2:0
-1 0:50 1:50 2:0
-1 0:46 1:53 2:0
-1 0:38 1:53 2:7
-1 0:42 1:57 2:0
-1 0:28 1:71 2:0
-1 0:37 1:62 2:0
-1 0:45 1:54 2:0
1 0:0 1:40 2:60
0 0:33 1:55 2:11
-1 0:20 1:70 2:10
-1 0:42 1:57 2:0
-1 0:33 1:66 2:0
0 0:0 1:100 2:0
0 0:10 1:80 2:10
0 0:16 1:83 2:0

dvds_neg_3
-1 0:54 1:42 2:3
0 0:0 1:100 2:0
-1 0:22 1:72 2:5
-1 0:33 1:66 2:0
-1 0:37 1:62 2:0
0 0:0 1:100 2:0

videogames_pos_9
0 0:6 1:81 2:12
0 0:0 1:100 2:0
1 0:0 1:25 2:75
1 0:8 1:41 2:50
-1 0:40 1:60 2:0
0 0:14 1:64 2:21
-1 0:26 1:73 2:0
0 0:0 1:71 2:28
1 0:28 1:28 2:42

videogames_neu_0
0 0:7 1:84 2:7
0 0:37 1:62 2:0
0 0:8 1:75 2:16
1 0:25 1:75 2:0
0 0:5 1:95 2:0
0 0:12 1:87 2:0
1 0:14 1:57 2:28
-1 0:60 1:40 2:0
-1 0:42 1:57 2:0
0 0:50 1:50 2:0
-1 0:46 1:53 2:0
0 0:11 1:88 2:0
0 0:20 1:80 2:0
0 0:16 1:83 2:0
0 0:0 1:100 2:0
-1 0:47 1:47 2:5
1 0:0 1:66 2:33
-1 0:54 1:36 2:9
-1 0:33 1:66 2:0
0 0:16 1:83 2:0

books_neu_73
0 0:9 1:86 2:4
0 0:10 1:85 2:5
0 0:22 1:77 2:0
0 0:0 1:92 2:7
0 0:0 1:100 2:0
0 0:0 1:100 2:0
0 0:0 1:100 2:0
0 0:0 1:86 2:13
0 0:0 1:95 2:5
0 0:11 1:88 2:0
0 0:0 1:100 2:0
0 0:0 1:93 2:6
0 0:6 1:87 2:6
0 0:0 1:100 2:0
0 0:13 1:86 2:0
0 0:7 1:92 2:0
0 0:8 1:91 2:0
0 0:18 1:81 2:0
0 0:0 1:100 2:0
0 0:0 1:100 2:0

books_neg_113
-1 0:45 1:51 2:2
-1 0:50 1:42 2:7
-1 0:58 1:41 2:0
-1 0:34 1:57 2:7
0 0:6 1:93 2:0
0 0:16 1:83 2:0
0 0:50 1:50 2:0
-1 0:45 1:54 2:0
-1 0:47 1:50 2:2
1 0:13 1:66 2:20
0 0:16 1:66 2:16

music_neu_46
-1 0:0 1:100 2:0
0 0:15 1:76 2:7
0 0:14 1:85 2:0
-1 0:29 1:70 2:0
0 0:0 1:71 2:28
0 0:0 1:100 2:0

dvds_neg_7
-1 0:45 1:47 2:7
-1 0:63 1:36 2:0
0 0:10 1:82 2:7
-1 0:29 1:61 2:8
0 0:13 1:77 2:9
-1 0:54 1:38 2:6
-1 0:60 1:30 2:10
-1 0:30 1:38 2:30
-1 0:28 1:71 2:0
-1 0:40 1:50 2:10

electronics_neg_22
0 0:0 1:90 2:9
-1 0:37 1:50 2:12
-1 0:50 1:50 2:0
-1 0:58 1:41 2:0
-1 0:33 1:62 2:4
-1 0:55 1:45 2:0
0 0:0 1:100 2:0
0 0:30 1:70 2:0
0 0:0 1:100 2:0
-1 0:31 1:68 2:0
-1 0:45 1:54 2:0
-1 0:57 1:42 2:0
-1 0:20 1:80 2:0
-1 0:10 1:90 2:0
-1 0:50 1:50 2:0

electronics_neg_24
0 0:16 1:75 2:8
0 0:7 1:92 2:0
-1 0:23 1:71 2:4
-1 0:33 1:66 2:0
-1 0:40 1:56 2:3
0 0:16 1:80 2:4

music_neu_124
0 0:0 1:83 2:16
0 0:11 1:88 2:0
1 0:11 1:83 2:5
0 0:0 1:100 2:0
0 0:57 1:42 2:0
0 0:5 1:88 2:5
0 0:9 1:90 2:0
-1 0:0 1:100 2:0
0 0:16 1:75 2:8
0 0:11 1:88 2:0
0 0:25 1:68 2:6
0 0:19 1:76 2:4
0 0:0 1:75 2:25
0 0:12 1:87 2:0
0 0:8 1:91 2:0
1 0:14 1:62 2:22
0 0:66 1:33 2:0

electronics_pos_18
1 0:0 1:85 2:14
1 0:20 1:80 2:0
0 0:16 1:83 2:0
0 0:16 1:66 2:16
0 0:12 1:87 2:0
1 0:20 1:60 2:20
1 0:0 1:100 2:0
1 0:20 1:80 2:0

videogames_neu_38
0 0:11 1:88 2:0
0 0:9 1:86 2:4
0 0:7 1:71 2:21
0 0:43 1:50 2:6
1 0:15 1:52 2:31
1 0:14 1:55 2:29
-1 0:85 1:14 2:0
-1 0:50 1:16 2:33
1 0:18 1:54 2:27
0 0:11 1:88 2:0
-1 0:50 1:35 2:14
-1 0:23 1:69 2:7
-1 0:46 1:46 2:7
-1 0:25 1:75 2:0
1 0:40 1:20 2:40
1 0:22 1:33 2:44
-1 0:28 1:64 2:8
-1 0:35 1:47 2:17
-1 0:23 1:61 2:15

music_pos_29
1 0:16 1:66 2:16
0 0:0 1:100 2:0
1 0:10 1:52 2:36
0 0:0 1:96 2:3
0 0:10 1:90 2:0
0 0:0 1:100 2:0
1 0:0 1:35 2:64
1 0:10 1:50 2:40
0 0:4 1:90 2:4
0 0:7 1:88 2:3
1 0:3 1:51 2:44
0 0:11 1:88 2:0
1 0:20 1:50 2:30
1 0:0 1:72 2:27
1 0:27 1:72 2:0
0 0:0 1:90 2:9
1 0:20 1:50 2:30

electronics_neu_63
1 0:10 1:55 2:35
-1 0:22 1:72 2:5
-1 0:37 1:62 2:0
-1 0:50 1:41 2:8
-1 0:42 1:57 2:0
0 0:6 1:93 2:0
-1 0:20 1:73 2:6
0 0:20 1:80 2:0
-1 0:28 1:71 2:0
-1 0:66 1:33 2:0
0 0:8 1:75 2:16
0 0:12 1:68 2:18
0 0:6 1:93 2:0

electronics_neu_10
0 0:0 1:75 2:25
0 0:6 1:90 2:3
0 0:11 1:88 2:0
0 0:26 1:73 2:0
1 0:13 1:60 2:26
1 0:20 1:50 2:30
0 0:21 1:78 2:0
-1 0:38 1:61 2:0
-1 0:60 1:40 2:0
-1 0:62 1:37 2:0
-1 0:38 1:61 2:0
-1 0:44 1:55 2:0
-1 0:63 1:27 2:9
0 0:0 1:81 2:18
0 0:6 1:93 2:0
0 0:0 1:100 2:0
0 0:5 1:89 2:5

dvds_neu_1
0 0:2 1:95 2:1
0 0:0 1:81 2:18
-1 0:22 1:77 2:0
0 0:2 1:88 2:8
0 0:3 1:92 2:4
0 0:10 1:86 2:3
0 0:0 1:82 2:17
1 0:7 1:38 2:53
0 0:9 1:63 2:27
0 0:2 1:94 2:2
0 0:9 1:85 2:4

dvds_neu_49
0 0:7 1:76 2:15
0 0:4 1:96 2:0
-1 0:51 1:41 2:6
0 0:16 1:83 2:0
0 0:11 1:77 2:11
1 0:0 1:61 2:38
0 0:12 1:81 2:6
1 0:6 1:46 2:46
0 0:0 1:92 2:7

books_pos_127
0 0:0 1:100 2:0
1 0:0 1:80 2:20
0 0:0 1:100 2:0
1 0:15 1:65 2:19
1 0:0 1:100 2:0
1 0:0 1:66 2:33
0 0:0 1:96 2:4
0 0:0 1:100 2:0
0 0:4 1:90 2:4
0 0:0 1:66 2:33
0 0:12 1:75 2:12
1 0:0 1:83 2:16

electronics_pos_44
1 0:0 1:71 2:28
1 0:20 1:40 2:40
0 0:9 1:90 2:0
1 0:18 1:62 2:18
1 0:13 1:44 2:41
1 0:0 1:80 2:20
1 0:0 1:25 2:75
1 0:5 1:66 2:28
0 0:18 1:81 2:0
0 0:8 1:83 2:8
0 0:0 1:90 2:10
0 0:16 1:83 2:0
0 0:12 1:88 2:0
0 0:5 1:70 2:23
0 0:10 1:73 2:15
1 0:15 1:69 2:15
1 0:28 1:28 2:42
1 0:0 1:100 2:0
0 0:14 1:78 2:7
1 0:40 1:60 2:0

videogames_neu_15
0 0:5 1:94 2:0
-1 0:30 1:69 2:0
0 0:16 1:83 2:0
-1 0:30 1:70 2:0
0 0:18 1:72 2:9
0 0:8 1:91 2:0
-1 0:27 1:63 2:9
0 0:4 1:77 2:17
0 0:16 1:83 2:0
-1 0:60 1:40 2:0

music_pos_25
0 0:16 1:77 2:5
1 0:9 1:90 2:0
0 0:9 1:72 2:18
1 0:2 1:56 2:40
0 0:10 1:85 2:5
0 0:0 1:92 2:7
0 0:0 1:88 2:11
1 0:6 1:60 2:33
0 0:4 1:95 2:0
1 0:17 1:67 2:15
1 0:0 1:100 2:0
0 0:6 1:80 2:13
0 0:7 1:88 2:3
0 0:6 1:93 2:0
0 0:0 1:90 2:9
0 0:0 1:100 2:0
1 0:18 1:66 2:14
0 0:18 1:81 2:0
1 0:0 1:70 2:30
1 0:10 1:60 2:30

music_pos_23
0 0:0 1:92 2:7
1 0:12 1:87 2:0
0 0:18 1:81 2:0
1 0:0 1:69 2:30
1 0:20 1:66 2:13
0 0:0 1:100 2:0

music_neg_86
-1 0:45 1:36 2:18
-1 0:20 1:80 2:0
0 0:21 1:78 2:0
0 0:17 1:82 2:0
-1 0:50 1:50 2:0
-1 0:50 1:50 2:0
-1 0:80 1:20 2:0

electronics_neu_9
0 0:14 1:81 2:3
-1 0:31 1:63 2:4
-1 0:35 1:65 2:0
-1 0:64 1:28 2:7
0 0:21 1:78 2:0
0 0:23 1:73 2:3
-1 0:33 1:66 2:0
0 0:0 1:100 2:0
-1 0:58 1:41 2:0
-1 0:33 1:50 2:16
0 0:0 1:100 2:0
0 0:15 1:84 2:0
-1 0:25 1:75 2:0
0 0:50 1:50 2:0
0 0:25 1:75 2:0
-1 0:14 1:85 2:0
-1 0:47 1:52 2:0
0 0:6 1:93 2:0
0 0:0 1:100 2:0
0 0:0 1:88 2:11
1 0:16 1:50 2:33
0 0:8 1:83 2:8
1 0:0 1:81 2:18
0 0:20 1:60 2:20
-1 0:30 1:70 2:0
0 0:0 1:90 2:10
0 0:0 1:100 2:0
-1 0:44 1:44 2:11
0 0:22 1:66 2:11
-1 0:61 1:38 2:0

music_pos_3
1 0:18 1:36 2:45
1 0:11 1:58 2:29
1 0:0 1:68 2:31
1 0:0 1:25 2:75
0 0:14 1:71 2:14
0 0:18 1:81 2:0
1 0:0 1:50 2:50
1 0:50 1:25 2:25
1 0:7 1:84 2:7
1 0:33 1:42 2:23
1 0:0 1:50 2:50

music_neu_101
0 0:11 1:85 2:2
0 0:6 1:93 2:0
0 0:25 1:75 2:0
0 0:8 1:87 2:4
1 0:8 1:41 2:50
0 0:0 1:94 2:5
-1 0:40 1:60 2:0
0 0:11 1:82 2:5
0 0:5 1:83 2:11
0 0:8 1:91 2:0
-1 0:39 1:52 2:7
-1 0:45 1:54 2:0
-1 0:100 1:0 2:0
0 0:8 1:91 2:0
-1 0:66 1:33 2:0
0 0:0 1:100 2:0
0 0:5 1:84 2:10
0 0:0 1:100 2:0

music_neu_7
0 0:0 1:93 2:6
0 0:8 1:91 2:0
-1 0:42 1:57 2:0
-1 0:33 1:66 2:0
-1 0:16 1:83 2:0
-1 0:66 1:16 2:16
-1 0:71 1:14 2:14
-1 0:53 1:46 2:0
0 0:8 1:83 2:8
-1 0:33 1:66 2:0

videogames_neu_10
1 0:18 1:63 2:18
1 0:12 1:50 2:37
-1 0:33 1:50 2:16
-1 0:40 1:50 2:10
-1 0:35 1:55 2:10
0 0:33 1:55 2:11
1 0:16 1:41 2:41
0 0:16 1:66 2:16

dvds_neu_55
0 0:0 1:75 2:25
0 0:0 1:91 2:8
0 0:0 1:100 2:0
-1 0:37 1:62 2:0
-1 0:33 1:66 2:0
-1 0:28 1:72 2:0
-1 0:41 1:41 2:16
-1 0:33 1:66 2:0
-1 0:56 1:43 2:0
0 0:0 1:100 2:0
0 0:7 1:92 2:0
0 0:33 1:66 2:0
0 0:0 1:100 2:0
0 0:0 1:75 2:25
0 0:0 1:100 2:0
0 0:3 1:93 2:3
0 0:10 1:85 2:5
-1 0:37 1:62 2:0
-1 0:26 1:66 2:6
0 0:0 1:100 2:0
1 0:5 1:52 2:41
0 0:0 1:100 2:0
0 0:16 1:80 2:2
0 0:0 1:100 2:0
0 0:12 1:87 2:0
-1 0:20 1:80 2:0
-1 0:12 1:87 2:0
-1 0:42 1:57 2:0
-1 0:40 1:60 2:0
0 0:8 1:82 2:8

electronics_neg_47
0 0:11 1:88 2:0
0 0:9 1:81 2:9
0 0:8 1:91 2:0
0 0:11 1:88 2:0
0 0:12 1:87 2:0
0 0:9 1:90 2:0
0 0:14 1:85 2:0

dvds_pos_33
1 0:1 1:43 2:54
1 0:0 1:44 2:55
0 0:7 1:92 2:0
0 0:12 1:83 2:4
1 0:0 1:25 2:75
1 0:8 1:41 2:50
0 0:0 1:100 2:0
0 0:0 1:88 2:11
1 0:0 1:47 2:52

music_neu_42
0 0:0 1:100 2:0
0 0:15 1:84 2:0
-1 0:66 1:16 2:16
0 0:3 1:89 2:7
0 0:25 1:75 2:0
-1 0:50 1:50 2:0
0 0:9 1:86 2:4
0 0:8 1:91 2:0

electronics_pos_59
0 0:0 1:73 2:26
0 0:8 1:58 2:33
1 0:16 1:27 2:55
1 0:20 1:50 2:30
1 0:14 1:28 2:57
1 0:16 1:66 2:16
0 0:5 1:90 2:5

electronics_neg_53
-1 0:28 1:71 2:0
-1 0:66 1:33 2:0
-1 0:44 1:55 2:0
-1 0:33 1:66 2:0
-1 0:21 1:64 2:14
-1 0:40 1:60 2:0
-1 0:40 1:60 2:0

electronics_neg_16
1 0:14 1:85 2:0
1 0:10 1:60 2:30
-1 0:48 1:51 2:0
-1 0:50 1:37 2:12
-1 0:42 1:57 2:0
-1 0:40 1:40 2:20
-1 0:41 1:58 2:0
-1 0:46 1:53 2:0
-1 0:83 1:16 2:0
-1 0:25 1:75 2:0
0 0:0 1:100 2:0

music_neu_79
0 0:6 1:86 2:6
-1 0:25 1:62 2:12
0 0:0 1:100 2:0
0 0:10 1:75 2:15
0 0:0 1:100 2:0
0 0:0 1:100 2:0

books_neg_79
-1 0:32 1:64 2:4
-1 0:42 1:50 2:7
-1 0:25 1:75 2:0
-1 0:20 1:80 2:0
-1 0:38 1:52 2:9
-1 0:44 1:55 2:0
0 0:19 1:70 2:9
-1 0:25 1:75 2:0

electronics_neg_21
1 0:11 1:33 2:55
0 0:50 1:25 2:25
0 0:0 1:100 2:0
1 0:0 1:66 2:33
1 0:30 1:40 2:30
0 0:0 1:100 2:0
1 0:6 1:56 2:37
1 0:35 1:50 2:14
1 0:0 1:75 2:25

videogames_neg_8
-1 0:38 1:44 2:16
-1 0:45 1:54 2:0
0 0:10 1:90 2:0
-1 0:38 1:61 2:0
-1 0:25 1:75 2:0
-1 0:22 1:66 2:11
-1 0:20 1:80 2:0
-1 0:50 1:50 2:0
-1 0:80 1:20 2:0

books_pos_31
0 0:0 1:92 2:7
1 0:0 1:50 2:50
1 0:4 1:50 2:45
1 0:0 1:61 2:38
0 0:0 1:100 2:0
1 0:7 1:53 2:38
-1 0:60 1:40 2:0
-1 0:33 1:61 2:5

dvds_pos_14
0 0:0 1:100 2:0
0 0:0 1:96 2:3
1 0:2 1:61 2:35
0 0:0 1:92 2:7
0 0:4 1:86 2:8
0 0:9 1:80 2:9
0 0:0 1:88 2:11
0 0:7 1:88 2:3
0 0:5 1:89 2:5
0 0:3 1:89 2:7
0 0:5 1:94 2:0
1 0:0 1:54 2:45
1 0:2 1:45 2:52
1 0:10 1:40 2:50
0 0:9 1:87 2:2
1 0:0 1:100 2:0
-1 0:28 1:57 2:14

dvds_neg_10
-1 0:47 1:48 2:4
-1 0:10 1:80 2:10
0 0:0 1:93 2:6
0 0:0 1:96 2:3
0 0:0 1:100 2:0
-1 0:41 1:51 2:7
-1 0:31 1:63 2:4

dvds_pos_67
0 0:0 1:100 2:0
0 0:10 1:84 2:5
0 0:6 1:93 2:0
0 0:12 1:75 2:12
0 0:33 1:66 2:0
-1 0:56 1:35 2:8
-1 0:57 1:35 2:7

books_pos_70
1 0:0 1:64 2:35
1 0:12 1:43 2:43
1 0:0 1:77 2:22
1 0:7 1:46 2:46
1 0:13 1:33 2:53
1 0:8 1:52 2:40
1 0:16 1:66 2:16
1 0:9 1:81 2:9
0 0:5 1:94 2:0
0 0:7 1:84 2:7
1 0:5 1:66 2:27

videogames_neu_7
0 0:4 1:86 2:9
0 0:33 1:66 2:0
0 0:12 1:87 2:0
1 0:17 1:70 2:11
0 0:22 1:77 2:0
0 0:0 1:100 2:0
1 0:0 1:80 2:20
-1 0:50 1:50 2:0
-1 0:22 1:77 2:0
-1 0:30 1:60 2:10
0 0:0 1:100 2:0
0 0:10 1:80 2:10
0 0:21 1:57 2:21
1 0:11 1:22 2:66
1 0:0 1:60 2:40
1 0:20 1:40 2:40
1 0:0 1:71 2:28
0 0:0 1:100 2:0
0 0:12 1:87 2:0
0 0:13 1:78 2:8
0 0:27 1:72 2:0
-1 0:20 1:75 2:5
-1 0:14 1:85 2:0
0 0:0 1:100 2:0
0 0:0 1:100 2:0
-1 0:33 1:66 2:0
-1 0:33 1:66 2:0
0 0:11 1:85 2:2
-1 0:46 1:46 2:7
-1 0:50 1:50 2:0
-1 0:21 1:71 2:7
-1 0:25 1:75 2:0
-1 0:0 1:100 2:0
1 0:21 1:71 2:7
-1 0:33 1:66 2:0
-1 0:30 1:60 2:10
0 0:16 1:83 2:0

books_pos_36
0 0:20 1:80 2:0
1 0:0 1:80 2:20
1 0:0 1:88 2:11
0 0:33 1:66 2:0
0 0:10 1:90 2:0
0 0:14 1:82 2:2

dvds_neu_32
1 0:0 1:28 2:71
-1 0:16 1:83 2:0
-1 0:22 1:77 2:0
0 0:0 1:77 2:22
-1 0:20 1:80 2:0
-1 0:55 1:33 2:11
-1 0:38 1:53 2:7
0 0:11 1:77 2:11
-1 0:30 1:61 2:7
-1 0:30 1:69 2:0
-1 0:41 1:41 2:16

books_pos_14
0 0:5 1:89 2:5
0 0:8 1:88 2:4
1 0:4 1:72 2:24
0 0:6 1:87 2:6
0 0:0 1:86 2:13
0 0:7 1:85 2:7
0 0:2 1:97 2:0
1 0:0 1:27 2:72
1 0:11 1:48 2:40

electronics_neu_11
0 0:0 1:87 2:12
0 0:37 1:56 2:6
1 0:7 1:38 2:53
-1 0:41 1:45 2:12
0 0:25 1:75 2:0
-1 0:38 1:53 2:7
1 0:14 1:42 2:42

music_pos_13
0 0:7 1:84 2:7
0 0:0 1:100 2:0
1 0:0 1:100 2:0
1 0:0 1:73 2:26
1 0:0 1:66 2:33
1 0:0 1:50 2:50
1 0:0 1:60 2:40
1 0:0 1:83 2:16
1 0:5 1:70 2:25
1 0:16 1:66 2:16
0 0:0 1:90 2:9
-1 0:20 1:80 2:0
1 0:0 1:66 2:33
1 0:0 1:66 2:33
1 0:6 1:66 2:26
1 0:10 1:60 2:30
1 0:0 1:50 2:50
1 0:14 1:57 2:28
0 0:0 1:92 2:7
0 0:0 1:75 2:25
1 0:0 1:42 2:57
1 0:0 1:75 2:25
0 0:14 1:85 2:0
1 0:0 1:70 2:30
1 0:0 1:50 2:50
0 0:0 1:100 2:0

music_pos_34
0 0:11 1:76 2:11
0 0:7 1:92 2:0
0 0:2 1:92 2:4
0 0:0 1:85 2:15
0 0:0 1:100 2:0
0 0:10 1:70 2:20
0 0:40 1:60 2:0

videogames_pos_50
1 0:16 1:58 2:25
1 0:16 1:50 2:33
1 0:9 1:54 2:36
1 0:20 1:40 2:40
1 0:11 1:47 2:41
1 0:15 1:53 2:30
1 0:14 1:57 2:28
1 0:33 1:66 2:0
1 0:25 1:50 2:25
1 0:16 1:66 2:16
1 0:21 1:42 2:36
1 0:0 1:100 2:0
1 0:0 1:75 2:25
1 0:42 1:42 2:15

books_neg_55
-1 0:30 1:69 2:0
-1 0:25 1:75 2:0
0 0:0 1:100 2:0
-1 0:33 1:66 2:0
0 0:25 1:62 2:12
0 0:9 1:90 2:0

books_pos_81
0 0:9 1:72 2:18
0 0:22 1:77 2:0
0 0:8 1:75 2:16
1 0:4 1:68 2:27
0 0:5 1:90 2:5
1 0:8 1:66 2:25
1 0:0 1:81 2:18
1 0:11 1:66 2:22
0 0:14 1:85 2:0
1 0:0 1:71 2:28
1 0:20 1:40 2:40
1 0:0 1:54 2:45
-1 0:33 1:60 2:6
-1 0:50 1:50 2:0
-1 0:42 1:42 2:14
0 0:22 1:66 2:11
-1 0:71 1:28 2:0
0 0:0 1:100 2:0
-1 0:12 1:75 2:12
0 0:11 1:88 2:0
1 0:0 1:75 2:25
1 0:0 1:100 2:0
1 0:25 1:75 2:0
1 0:10 1:50 2:40
1 0:0 1:60 2:40
1 0:0 1:66 2:33
0 0:0 1:100 2:0

electronics_pos_70
0 0:0 1:100 2:0
0 0:0 1:100 2:0
-1 0:80 1:20 2:0
-1 0:62 1:12 2:25
0 0:0 1:100 2:0
0 0:0 1:100 2:0

dvds_pos_6
1 0:4 1:41 2:54
0 0:0 1:92 2:7
0 0:2 1:88 2:9
0 0:4 1:90 2:4
1 0:6 1:40 2:54
1 0:8 1:44 2:47
1 0:6 1:46 2:46
1 0:0 1:50 2:50
1 0:14 1:57 2:28

videogames_neg_24
0 0:0 1:100 2:0
1 0:25 1:50 2:25
1 0:12 1:62 2:25
0 0:11 1:77 2:11
0 0:10 1:89 2:0
-1 0:37 1:62 2:0
-1 0:40 1:60 2:0
-1 0:50 1:50 2:0
-1 0:54 1:45 2:0
-1 0:53 1:46 2:0
0 0:15 1:78 2:6
-1 0:40 1:55 2:3

books_neg_138
-1 0:41 1:33 2:25
0 0:12 1:87 2:0
0 0:10 1:80 2:10
0 0:0 1:100 2:0
-1 0:23 1:76 2:0
-1 0:20 1:80 2:0
0 0:11 1:88 2:0

books_pos_0
0 0:12 1:87 2:0
0 0:0 1:85 2:14
1 0:12 1:50 2:37
1 0:0 1:87 2:12
1 0:0 1:100 2:0
1 0:50 1:0 2:50

electronics_neu_40
1 0:0 1:50 2:50
1 0:12 1:50 2:37
-1 0:48 1:48 2:3
-1 0:0 1:100 2:0
0 0:0 1:100 2:0
0 0:0 1:83 2:16

electronics_pos_33
0 0:23 1:76 2:0
1 0:11 1:46 2:42
1 0:16 1:66 2:16
1 0:11 1:73 2:15
0 0:21 1:71 2:7
0 0:0 1:100 2:0
0 0:7 1:92 2:0
1 0:0 1:50 2:50
1 0:18 1:45 2:36
1 0:21 1:64 2:14
1 0:33 1:33 2:33
-1 0:60 1:40 2:0
-1 0:37 1:62 2:0
-1 0:33 1:58 2:8
0 0:26 1:73 2:0
-1 0:10 1:90 2:0
-1 0:45 1:54 2:0
-1 0:44 1:55 2:0
0 0:5 1:88 2:5
0 0:22 1:77 2:0
0 0:13 1:78 2:8
0 0:11 1:88 2:0
0 0:0 1:90 2:9
-1 0:35 1:64 2:0
0 0:11 1:88 2:0
1 0:14 1:42 2:42
0 0:6 1:87 2:6
0 0:10 1:84 2:5

dvds_neg_26
-1 0:36 1:54 2:9
-1 0:66 1:33 2:0
1 0:0 1:66 2:33
0 0:37 1:62 2:0
-1 0:25 1:50 2:25
0 0:18 1:81 2:0
-1 0:40 1:60 2:0
-1 0:11 1:88 2:0
-1 0:31 1:68 2:0
0 0:0 1:100 2:0
-1 0:28 1:57 2:14
-1 0:42 1:57 2:0
0 0:14 1:71 2:14
0 0:0 1:88 2:11
-1 0:38 1:61 2:0
-1 0:30 1:60 2:10
0 0:3 1:96 2:0
0 0:0 1:100 2:0
0 0:0 1:100 2:0
0 0:12 1:87 2:0
0 0:50 1:50 2:0
0 0:7 1:76 2:15
0 0:0 1:90 2:9
0 0:0 1:100 2:0
-1 0:23 1:76 2:0
-1 0:14 1:78 2:7
-1 0:30 1:60 2:10
0 0:13 1:80 2:6
1 0:0 1:75 2:25
1 0:8 1:66 2:25
1 0:10 1:70 2:20
-1 0:0 1:75 2:25
0 0:0 1:66 2:33
-1 0:63 1:27 2:9

videogames_pos_13
1 0:11 1:61 2:27
-1 0:30 1:69 2:0
1 0:16 1:66 2:16
1 0:8 1:58 2:33
1 0:20 1:60 2:20
1 0:0 1:33 2:66
-1 0:33 1:33 2:33
-1 0:50 1:41 2:8
-1 0:26 1:53 2:20
1 0:11 1:44 2:44
1 0:0 1:33 2:66
1 0:0 1:50 2:50
1 0:25 1:58 2:16
-1 0:33 1:66 2:0
-1 0:45 1:54 2:0
-1 0:50 1:50 2:0
-1 0:75 1:25 2:0
-1 0:57 1:42 2:0
-1 0:33 1:66 2:0
-1 0:20 1:80 2:0
1 0:0 1:62 2:37
0 0:10 1:90 2:0

music_neu_88
0 0:0 1:80 2:20
0 0:40 1:60 2:0
0 0:0 1:100 2:0
0 0:0 1:90 2:10
-1 0:5 1:88 2:5
-1 0:22 1:74 2:3
1 0:0 1:63 2:36
0 0:0 1:80 2:20

music_neg_28
-1 0:75 1:25 2:0
-1 0:40 1:60 2:0
-1 0:33 1:50 2:16
-1 0:50 1:40 2:10
-1 0:37 1:62 2:0
-1 0:42 1:42 2:14

videogames_neg_3
0 0:0 1:100 2:0
0 0:25 1:75 2:0
1 0:14 1:57 2:28
1 0:16 1:66 2:16
1 0:0 1:66 2:33
0 0:0 1:66 2:33
0 0:50 1:50 2:0
-1 0:37 1:62 2:0
-1 0:0 1:33 2:66
-1 0:20 1:80 2:0
-1 0:33 1:50 2:16
-1 0:50 1:50 2:0
-1 0:40 1:40 2:20
-1 0:30 1:60 2:10
-1 0:0 1:100 2:0
-1 0:55 1:33 2:11
-1 0:62 1:12 2:25
0 0:0 1:100 2:0
-1 0:40 1:60 2:0
-1 0:16 1:83 2:0
-1 0:44 1:44 2:11

electronics_neg_3
0 0:12 1:87 2:0
-1 0:50 1:50 2:0
-1 0:25 1:50 2:25
-1 0:14 1:71 2:14
0 0:25 1:75 2:0
-1 0:63 1:36 2:0
-1 0:66 1:33 2:0
-1 0:57 1:28 2:14

books_pos_32
1 0:0 1:85 2:14
1 0:0 1:75 2:25
1 0:4 1:48 2:48
1 0:14 1:42 2:42
-1 0:33 1:66 2:0
-1 0:50 1:33 2:16
0 0:0 1:100 2:0
0 0:0 1:100 2:0

books_pos_19
1 0:3 1:53 2:42
0 0:0 1:92 2:7
1 0:0 1:58 2:41
1 0:10 1:53 2:36
1 0:9 1:45 2:45
1 0:50 1:25 2:25

dvds_pos_74
1 0:1 1:47 2:51
0 0:0 1:92 2:7
0 0:9 1:90 2:0
0 0:3 1:88 2:7
1 0:4 1:44 2:52
0 0:0 1:94 2:5
1 0:10 1:29 2:60
1 0:5 1:10 2:85
1 0:0 1:38 2:61
1 0:6 1:32 2:60

videogames_pos_47
0 0:25 1:75 2:0
0 0:0 1:80 2:20
0 0:20 1:60 2:20
1 0:12 1:62 2:25
0 0:0 1:92 2:7
1 0:75 1:0 2:25
0 0:0 1:100 2:0
0 0:0 1:100 2:0
-1 0:10 1:80 2:10
0 0:7 1:85 2:7
0 0:16 1:83 2:0
0 0:25 1:75 2:0
0 0:12 1:87 2:0
-1 0:66 1:33 2:0
0 0:0 1:95 2:4
0 0:0 1:90 2:10
0 0:0 1:100 2:0
0 0:3 1:96 2:0
0 0:0 1:93 2:6
1 0:0 1:50 2:50
1 0:7 1:46 2:46
1 0:20 1:30 2:50
1 0:25 1:25 2:50
1 0:42 1:42 2:14
1 0:66 1:0 2:33
1 0:20 1:40 2:40
1 0:33 1:33 2:33
0 0:20 1:80 2:0
0 0:0 1:100 2:0
1 0:0 1:75 2:25

electronics_neu_14
0 0:20 1:80 2:0
1 0:0 1:60 2:40
0 0:0 1:100 2:0
-1 0:50 1:50 2:0
-1 0:50 1:50 2:0
-1 0:71 1:28 2:0
-1 0:80 1:20 2:0
1 0:16 1:50 2:33
1 0:12 1:62 2:25
0 0:8 1:83 2:8

dvds_neg_16
-1 0:26 1:68 2:5
-1 0:16 1:83 2:0
0 0:0 1:100 2:0
-1 0:0 1:100 2:0
-1 0:18 1:81 2:0
-1 0:20 1:80 2:0
0 0:0 1:100 2:0
-1 0:50 1:50 2:0
0 0:12 1:75 2:12
0 0:0 1:60 2:40
0 0:0 1:90 2:10
-1 0:20 1:80 2:0
-1 0:25 1:75 2:0
0 0:11 1:76 2:11
-1 0:36 1:52 2:10
-1 0:50 1:37 2:12
-1 0:27 1:63 2:9
-1 0:0 1:75 2:25
-1 0:27 1:63 2:9
-1 0:42 1:57 2:0
-1 0:0 1:80 2:20
-1 0:25 1:75 2:0
-1 0:100 1:0 2:0
-1 0:33 1:66 2:0
-1 0:66 1:33 2:0
1 0:0 1:57 2:42
1 0:0 1:70 2:30
-1 0:10 1:80 2:10
-1 0:22 1:66 2:11
-1 0:30 1:70 2:0
0 0:5 1:89 2:5
0 0:0 1:100 2:0
-1 0:50 1:50 2:0

dvds_neu_45
0 0:16 1:58 2:25
0 0:9 1:81 2:9
-1 0:33 1:60 2:6
-1 0:60 1:40 2:0
-1 0:38 1:53 2:7
0 0:20 1:70 2:10
-1 0:28 1:57 2:14
0 0:0 1:100 2:0
0 0:0 1:100 2:0
-1 0:0 1:100 2:0
0 0:0 1:66 2:33
0 0:0 1:100 2:0
0 0:4 1:81 2:13
-1 0:12 1:87 2:0
-1 0:46 1:53 2:0
-1 0:50 1:46 2:3
-1 0:38 1:53 2:7
-1 0:42 1:57 2:0
-1 0:23 1:64 2:11
0 0:12 1:87 2:0
1 0:9 1:54 2:36
1 0:0 1:36 2:63
1 0:7 1:69 2:23
1 0:25 1:50 2:25
0 0:0 1:60 2:40

music_neu_12
-1 0:28 1:71 2:0
1 0:0 1:83 2:16
1 0:0 1:83 2:16
-1 0:50 1:41 2:8
0 0:20 1:60 2:20
0 0:8 1:88 2:2

videogames_neu_11
1 0:27 1:54 2:18
-1 0:40 1:60 2:0
-1 0:41 1:50 2:8
0 0:30 1:69 2:0
-1 0:36 1:54 2:9
-1 0:23 1:66 2:9

electronics_neg_26
1 0:16 1:50 2:33
1 0:0 1:60 2:40
1 0:0 1:50 2:50
1 0:16 1:33 2:50
-1 0:77 1:22 2:0
-1 0:12 1:87 2:0
-1 0:55 1:33 2:11
0 0:0 1:80 2:20
-1 0:58 1:41 2:0
-1 0:37 1:50 2:12
-1 0:40 1:50 2:10
-1 0:50 1:37 2:12
0 0:28 1:57 2:14
-1 0:50 1:50 2:0

dvds_pos_12
0 0:0 1:96 2:3
0 0:13 1:73 2:13
0 0:0 1:94 2:5
1 0:10 1:40 2:50
0 0:6 1:80 2:13
0 0:0 1:100 2:0
0 0:1 1:91 2:7
0 0:16 1:83 2:0
0 0:0 1:100 2:0
0 0:7 1:87 2:5
1 0:2 1:56 2:41
1 0:7 1:30 2:61
1 0:14 1:50 2:35
1 0:0 1:57 2:42
-1 0:50 1:50 2:0
0 0:0 1:83 2:16
1 0:5 1:45 2:48
1 0:9 1:42 2:47
1 0:9 1:33 2:57
1 0:8 1:75 2:16

books_neu_59
0 0:0 1:100 2:0
0 0:0 1:87 2:12
0 0:0 1:100 2:0
0 0:8 1:91 2:0
0 0:0 1:100 2:0
0 0:0 1:100 2:0
0 0:0 1:100 2:0
0 0:14 1:85 2:0
0 0:0 1:100 2:0
0 0:11 1:88 2:0
0 0:0 1:100 2:0
0 0:0 1:100 2:0
0 0:5 1:89 2:5
-1 0:0 1:100 2:0
-1 0:0 1:100 2:0
-1 0:57 1:42 2:0
-1 0:20 1:80 2:0
1 0:0 1:100 2:0

dvds_pos_95
0 0:0 1:92 2:7
0 0:33 1:66 2:0
1 0:0 1:100 2:0
0 0:9 1:84 2:6
0 0:5 1:89 2:5
1 0:3 1:36 2:60
0 0:0 1:71 2:28
0 0:25 1:50 2:25
1 0:7 1:37 2:55
1 0:2 1:34 2:63
0 0:14 1:85 2:0
1 0:6 1:43 2:50
0 0:0 1:88 2:11
0 0:6 1:93 2:0
1 0:0 1:24 2:75
1 0:0 1:71 2:28
1 0:0 1:50 2:50
1 0:0 1:57 2:42
1 0:2 1:47 2:50
1 0:5 1:36 2:57

music_neg_26
0 0:0 1:100 2:0
0 0:20 1:80 2:0
-1 0:50 1:50 2:0
0 0:6 1:86 2:6
-1 0:10 1:80 2:10
0 0:15 1:80 2:5

electronics_neg_59
-1 0:53 1:46 2:0
-1 0:65 1:35 2:0
0 0:0 1:100 2:0
-1 0:44 1:55 2:0
-1 0:40 1:60 2:0
-1 0:0 1:100 2:0
-1 0:42 1:57 2:0
0 0:0 1:100 2:0
-1 0:54 1:42 2:3
0 0:25 1:75 2:0
0 0:3 1:96 2:0
-1 0:33 1:66 2:0
-1 0:16 1:83 2:0
0 0:25 1:75 2:0
0 0:9 1:90 2:0
0 0:0 1:100 2:0
0 0:9 1:90 2:0
0 0:18 1:81 2:0

electronics_neg_30
-1 0:35 1:64 2:0
-1 0:75 1:25 2:0
-1 0:46 1:53 2:0
-1 0:46 1:53 2:0
-1 0:35 1:57 2:7
-1 0:30 1:70 2:0
-1 0:62 1:37 2:0
-1 0:40 1:60 2:0
-1 0:50 1:33 2:16

music_neg_29
0 0:0 1:80 2:20
0 0:0 1:100 2:0
0 0:11 1:77 2:11
0 0:0 1:100 2:0
0 0:12 1:87 2:0
-1 0:20 1:80 2:0
-1 0:66 1:33 2:0

electronics_pos_41
1 0:50 1:25 2:25
1 0:30 1:50 2:20
1 0:30 1:60 2:10
1 0:11 1:55 2:33
1 0:0 1:71 2:28
1 0:6 1:53 2:40
1 0:7 1:53 2:38
1 0:11 1:55 2:33
-1 0:60 1:40 2:0
1 0:26 1:53 2:20

books_neu_23
0 0:0 1:100 2:0
1 0:25 1:50 2:25
0 0:0 1:100 2:0
1 0:8 1:60 2:30
-1 0:50 1:50 2:0
-1 0:25 1:75 2:0
1 0:0 1:75 2:25

videogames_neg_7
-1 0:60 1:40 2:0
-1 0:22 1:55 2:22
-1 0:54 1:45 2:0
-1 0:14 1:85 2:0
-1 0:33 1:50 2:16
0 0:14 1:85 2:0
-1 0:50 1:50 2:0

music_neu_67
0 0:0 1:84 2:15
0 0:18 1:72 2:9
1 0:11 1:55 2:33
1 0:5 1:54 2:40
-1 0:42 1:57 2:0
-1 0:83 1:0 2:16
0 0:25 1:75 2:0
1 0:17 1:34 2:47
0 0:17 1:82 2:0
0 0:60 1:40 2:0

dvds_neg_17
-1 0:28 1:57 2:14
-1 0:37 1:62 2:0
-1 0:40 1:50 2:10
-1 0:50 1:20 2:30
-1 0:0 1:100 2:0
1 0:0 1:57 2:42
1 0:0 1:66 2:33
-1 0:20 1:80 2:0
-1 0:11 1:77 2:11
-1 0:66 1:33 2:0
0 0:26 1:73 2:0
-1 0:28 1:71 2:0
-1 0:46 1:46 2:6
-1 0:25 1:25 2:50

music_pos_27
0 0:25 1:75 2:0
0 0:0 1:100 2:0
0 0:0 1:83 2:16
1 0:0 1:100 2:0
1 0:20 1:40 2:40
0 0:9 1:90 2:0

videogames_pos_20
0 0:14 1:74 2:11
1 0:43 1:30 2:26
1 0:17 1:36 2:46
1 0:25 1:25 2:50
0 0:18 1:63 2:18
1 0:8 1:60 2:31
1 0:5 1:55 2:40
1 0:16 1:66 2:16
0 0:7 1:79 2:12
1 0:18 1:54 2:27
1 0:0 1:100 2:0
1 0:27 1:45 2:27
1 0:25 1:50 2:25
1 0:10 1:31 2:57
0 0:61 1:38 2:0
-1 0:33 1:63 2:3
0 0:2 1:79 2:17
1 0:11 1:50 2:38
1 0:27 1:43 2:29

videogames_neg_33
-1 0:30 1:60 2:10
-1 0:41 1:58 2:0
0 0:20 1:60 2:20
-1 0:18 1:72 2:9
0 0:15 1:84 2:0
0 0:0 1:100 2:0
-1 0:25 1:70 2:5
0 0:5 1:84 2:10
-1 0:31 1:63 2:5
-1 0:41 1:54 2:4
-1 0:50 1:50 2:0
-1 0:33 1:66 2:0
-1 0:30 1:67 2:2
-1 0:61 1:30 2:7
-1 0:39 1:60 2:0
-1 0:56 1:37 2:6
-1 0:42 1:57 2:0
-1 0:58 1:41 2:0
-1 0:5 1:83 2:11
0 0:25 1:75 2:0
-1 0:70 1:30 2:0
-1 0:60 1:40 2:0
-1 0:75 1:25 2:0
-1 0:46 1:50 2:4

electronics_neu_66
0 0:0 1:92 2:7
0 0:7 1:92 2:0
0 0:9 1:90 2:0
0 0:15 1:80 2:5
0 0:0 1:100 2:0
1 0:13 1:53 2:33
1 0:4 1:50 2:45
0 0:27 1:63 2:9
0 0:30 1:70 2:0
-1 0:45 1:54 2:0
-1 0:25 1:75 2:0
1 0:0 1:75 2:25
1 0:18 1:62 2:18
0 0:11 1:88 2:0
0 0:13 1:78 2:8

videogames_pos_33
1 0:17 1:55 2:27
1 0:9 1:72 2:18
1 0:0 1:40 2:60
1 0:19 1:42 2:38
1 0:0 1:70 2:30
1 0:0 1:80 2:20
0 0:0 1:83 2:16
1 0:7 1:35 2:57
1 0:0 1:44 2:55
1 0:0 1:27 2:72
1 0:20 1:60 2:20
-1 0:41 1:52 2:5
-1 0:37 1:62 2:0
-1 0:33 1:50 2:16
-1 0:46 1:46 2:6
-1 0:44 1:44 2:11
0 0:12 1:80 2:6
1 0:0 1:75 2:25

videogames_neu_36
0 0:16 1:72 2:11
-1 0:20 1:80 2:0
-1 0:75 1:25 2:0
-1 0:50 1:41 2:8
-1 0:25 1:50 2:25
-1 0:28 1:57 2:14
-1 0:25 1:75 2:0
-1 0:36 1:63 2:0
-1 0:40 1:60 2:0
-1 0:28 1:71 2:0
-1 0:28 1:35 2:35
1 0:30 1:60 2:10
-1 0:41 1:58 2:0
-1 0:28 1:71 2:0
-1 0:28 1:57 2:14

music_neg_51
1 0:23 1:64 2:11
-1 0:50 1:50 2:0
-1 0:25 1:75 2:0
-1 0:33 1:53 2:13
-1 0:33 1:66 2:0
-1 0:42 1:57 2:0
-1 0:37 1:62 2:0
-1 0:26 1:68 2:5
-1 0:41 1:58 2:0
0 0:29 1:64 2:5
0 0:21 1:78 2:0
-1 0:50 1:50 2:0
0 0:0 1:100 2:0

electronics_neu_8
0 0:4 1:86 2:9
0 0:3 1:93 2:3
1 0:0 1:85 2:14
0 0:14 1:85 2:0
1 0:0 1:73 2:26
0 0:15 1:76 2:7
0 0:0 1:100 2:0
1 0:3 1:57 2:39
-1 0:30 1:60 2:10
-1 0:25 1:64 2:10
-1 0:30 1:69 2:0
-1 0:25 1:58 2:16
0 0:0 1:100 2:0
-1 0:33 1:66 2:0
-1 0:25 1:75 2:0
-1 0:25 1:75 2:0
0 0:17 1:82 2:0
-1 0:0 1:88 2:11
0 0:13 1:86 2:0
0 0:20 1:80 2:0
0 0:19 1:76 2:3
-1 0:52 1:47 2:0
-1 0:28 1:57 2:14
-1 0:42 1:50 2:7
-1 0:28 1:71 2:0
-1 0:42 1:57 2:0
0 0:20 1:70 2:10

electronics_neg_4
0 0:23 1:76 2:0
0 0:14 1:57 2:28
0 0:15 1:84 2:0
1 0:21 1:63 2:15
-1 0:41 1:48 2:10
0 0:33 1:66 2:0
-1 0:20 1:80 2:0
-1 0:50 1:50 2:0
0 0:12 1:75 2:12
-1 0:57 1:36 2:5
-1 0:20 1:70 2:10

videogames_pos_39
1 0:0 1:62 2:37
1 0:50 1:0 2:50
0 0:9 1:90 2:0
0 0:0 1:100 2:0
0 0:25 1:75 2:0
-1 0:18 1:62 2:18
-1 0:40 1:60 2:0
-1 0:35 1:64 2:0
-1 0:0 1:100 2:0
-1 0:58 1:35 2:5
1 0:6 1:68 2:25
0 0:16 1:72 2:11
0 0:20 1:80 2:0
0 0:4 1:95 2:0
0 0:5 1:94 2:0
-1 0:30 1:69 2:0
0 0:18 1:72 2:9
0 0:0 1:88 2:11
0 0:18 1:81 2:0
0 0:15 1:84 2:0
0 0:6 1:81 2:12
0 0:0 1:100 2:0
0 0:4 1:95 2:0
0 0:0 1:85 2:14
0 0:5 1:94 2:0
0 0:0 1:100 2:0
0 0:16 1:83 2:0
0 0:0 1:88 2:11
1 0:40 1:20 2:40
1 0:7 1:78 2:14
0 0:30 1:70 2:0

books_pos_113
0 0:14 1:85 2:0
0 0:11 1:88 2:0
0 0:14 1:71 2:14
0 0:7 1:84 2:7
0 0:0 1:100 2:0
1 0:18 1:81 2:0
0 0:0 1:100 2:0
1 0:23 1:69 2:7

electronics_pos_47
0 0:0 1:100 2:0
0 0:0 1:100 2:0
1 0:11 1:88 2:0
1 0:30 1:38 2:30
-1 0:37 1:62 2:0
0 0:0 1:100 2:0

dvds_pos_40
1 0:1 1:48 2:49
0 0:3 1:87 2:9
0 0:4 1:95 2:0
0 0:0 1:93 2:6
0 0:0 1:96 2:3
0 0:11 1:88 2:0
1 0:0 1:23 2:76
0 0:0 1:96 2:3
0 0:3 1:84 2:12
0 0:8 1:92 2:0
1 0:0 1:33 2:66
0 0:0 1:94 2:5

electronics_pos_21
1 0:20 1:60 2:20
-1 0:37 1:62 2:0
1 0:10 1:57 2:31
1 0:50 1:25 2:25
0 0:22 1:66 2:11
1 0:14 1:71 2:14

books_neu_111
0 0:0 1:100 2:0
-1 0:80 1:20 2:0
0 0:0 1:88 2:11
0 0:0 1:91 2:8
0 0:0 1:100 2:0
0 0:0 1:100 2:0

dvds_pos_54
0 0:4 1:89 2:6
1 0:7 1:35 2:57
1 0:15 1:60 2:24
1 0:14 1:42 2:42
1 0:0 1:100 2:0
0 0:0 1:95 2:5
0 0:25 1:75 2:0
1 0:0 1:44 2:55
1 0:0 1:55 2:44
1 0:8 1:45 2:45
0 0:8 1:89 2:2
1 0:8 1:36 2:56
1 0:14 1:64 2:21
1 0:0 1:58 2:41
1 0:20 1:60 2:20

music_pos_90
1 0:0 1:33 2:66
1 0:25 1:75 2:0
1 0:0 1:100 2:0
1 0:0 1:100 2:0
1 0:14 1:57 2:28
0 0:0 1:83 2:16

dvds_neg_40
0 0:33 1:66 2:0
0 0:4 1:87 2:8
0 0:30 1:70 2:0
0 0:8 1:83 2:8
0 0:0 1:100 2:0
0 0:0 1:93 2:6
0 0:7 1:84 2:7
0 0:16 1:83 2:0
0 0:33 1:66 2:0
0 0:11 1:88 2:0
0 0:0 1:100 2:0

books_pos_98
1 0:0 1:76 2:23
0 0:0 1:90 2:9
1 0:0 1:55 2:44
0 0:3 1:93 2:3
0 0:3 1:93 2:3
0 0:0 1:100 2:0
1 0:0 1:40 2:60
1 0:7 1:64 2:28
0 0:25 1:50 2:25
-1 0:38 1:61 2:0
0 0:3 1:87 2:9
0 0:0 1:100 2:0
0 0:0 1:90 2:10
0 0:5 1:94 2:0
1 0:0 1:57 2:42
1 0:0 1:63 2:36
0 0:6 1:93 2:0
0 0:18 1:72 2:9
1 0:12 1:58 2:29
0 0:2 1:94 2:2
0 0:10 1:90 2:0
1 0:0 1:100 2:0
0 0:0 1:91 2:8
1 0:3 1:46 2:50
0 0:5 1:94 2:0
1 0:0 1:66 2:33
-1 0:40 1:50 2:10
0 0:13 1:80 2:6
0 0:5 1:85 2:8
1 0:6 1:63 2:30
1 0:15 1:52 2:31
0 0:2 1:94 2:2
0 0:0 1:96 2:3
-1 0:0 1:100 2:0
0 0:0 1:95 2:5
0 0:0 1:94 2:5
0 0:0 1:100 2:0
0 0:0 1:100 2:0
0 0:6 1:90 2:3
0 0:0 1:100 2:0
0 0:0 1:91 2:8
0 0:23 1:64 2:11
0 0:5 1:85 2:8
0 0:0 1:100 2:0
0 0:0 1:100 2:0
0 0:8 1:91 2:0
1 0:5 1:65 2:30
0 0:15 1:84 2:0
0 0:0 1:100 2:0
0 0:0 1:90 2:9
1 0:0 1:80 2:20
1 0:0 1:64 2:35
0 0:0 1:100 2:0

dvds_pos_45
1 0:3 1:46 2:50
1 0:15 1:25 2:60
1 0:6 1:33 2:60
1 0:3 1:32 2:63
1 0:2 1:40 2:56
1 0:6 1:56 2:37
1 0:28 1:57 2:14
1 0:25 1:58 2:16

books_pos_74
1 0:6 1:66 2:26
1 0:0 1:90 2:10
0 0:0 1:90 2:9
0 0:0 1:81 2:18
1 0:8 1:66 2:25
1 0:12 1:25 2:62
0 0:0 1:100 2:0
0 0:5 1:84 2:10
-1 0:50 1:50 2:0
1 0:9 1:59 2:31
0 0:10 1:90 2:0
1 0:16 1:83 2:0
0 0:0 1:100 2:0

dvds_neu_58
